1	,	2023	3573940	-2930	;																						
2	,	2022	3570750	-3190	;																						
3	,	2021	3566790	-3960	;																						
4	,	2020	3562040	-4750	;																						
5	,	2019	3556790	-5250	;																						
6	,	2018	3552120	-4670	;																						
7	,	2017	3539230	-12890	;																						
8	,	2016	3526390	-12840	;																						
9	,	2015	3513600	-12790	;																						
10	,	2014	3500860	-12740	;																						
11	,	2013	3488180	-12680	;																						
12	,	2012	3475560	-12620	;																						
13	,	2011	3462940	-12620	;																						
14	,	2010	3460725	-2215	;																						
15	,	2009	3437890	-22835	;																						
16	,	2008	3425570	-12320	;																						
17	,	2007	3413370	-12200	;																						
18	,	2006	3401230	-12140	;																						
19	,	2005	3394000	-7230	;																						
20	,	2004	3388150	-5850	;																						
21	,	2003	3390460	2310	;																						
22	,	2002	3391090	630	;																						
23	,	2001	3388440	-2650	;																						
24	,	2000	3384420	-4020	;																						
25	,	1999	3392760	8340	;																						
26	,	1998	3412300	19540	;																						
27	,	1997	3442270	29970	;																						
28	,	1996	3462960	20690	;																						
29	,	1995	3471400	8440	;																						
30	,	1994	3473700	2300	;																						
31	,	1993	3470550	-3150	;																						
32	,	1992	3455880	-14670	;																						
33	,	1991	3439840	-16040	;																						
34	,	1990	3421660	-18180	;																						
35	,	1989	3381100	-40560	;																						
36	,	1988	3253960	-127140	;																						
37	,	1987	3272990	19030	;																						
38	,	1986	3095450	-177540	;																						
39	,	1985	3060480	-34970	;																						
40	,	1984	3042740	-17740	;																						
41	,	1983	3041330	-1410	;																						
42	,	1982	3048490	7160	;																						
43	,	1981	3051540	3050	;																						
44	,	1980	3056080	4540	;																						
45	,	1979	3070800	14720	;																						
46	,	1978	3085570	14770	;																						
47	,	1977	3100410	14840	;																						
48	,	1976	3115300	14890	;																						
49	,	1975	3130310	15010	;																						
50	,	1974	3145360	15050	;																						
51	,	1973	3160490	15130	;																						
52	,	1972	3175670	15180	;																						
53	,	1971	3190960	15290	;																						
54	,	1970	3206310	15350	;																						
55	,	1969	3212280	5970	;																						
56	,	1968	3222250	9970	;																						
57	,	1967	3232250	10000	;																						
58	,	1966	3247250	15000	;																						
59	,	1965	3252260	5010	;																						
60	,	1964	3262250	9990	;																						
61	,	1963	3272350	10100	;																						
62	,	1962	3282530	10180	;																						
63	,	1961	3292710	10180	;																						
64	,	1960	3303290	10580	;																						
65	,	1959	3314400	11110	;																						
66	,	1958	3326290	11890	;																						
67	,	1957	3338100	11810	;																						
68	,	1956	3349760	11660	;																						
69	,	1955	3357620	7860	;																						